x (m)	y (m)	Intensity
.00000	.00000	.00000
.00000	.00003	.00000
.00000	.00005	.00000
.00000	.00008	.00000
.00000	.00011	.00000
.00000	.00014	.00000
.00000	.00016	.00000
.00000	.00019	.00000
.00000	.00022	.00000
.00000	.00024	.00000
.00000	.00027	.00000
.00000	.00030	.00000
.00000	.00032	.00000
.00000	.00035	.00000
.00000	.00038	.00000
.00000	.00041	.00000
.00000	.00043	.00000
.00000	.00046	.00000
.00000	.00049	.00000
.00000	.00051	.00000
.00000	.00054	.00000
.00000	.00057	.00000
.00000	.00059	.00000
.00000	.00062	.00000
.00000	.00065	.00000
.00000	.00068	.00000
.00000	.00070	.00000
.00000	.00073	.00000
.00000	.00076	.00000
.00000	.00078	.00000
.00000	.00081	.00000
.00000	.00084	.00000
.00000	.00086	.00000
.00000	.00089	.00000
.00000	.00092	.00000
.00000	.00095	.00000
.00000	.00097	.00000
.00000	.00100	.00000
.00000	.00103	.00000
.00000	.00105	.00000
.00000	.00108	.00000
.00000	.00111	.00000
.00000	.00113	.00000
.00000	.00116	.00000
.00000	.00119	.00000
.00000	.00122	.00000
.00000	.00124	.00000
.00000	.00127	.00000
.00000	.00130	.00000
.00000	.00132	.00000
.00000	.00135	.00000
.00000	.00138	.00000
.00000	.00140	.00000
.00000	.00143	.00000
.00000	.00146	.00000
.00000	.00149	.00000
.00000	.00151	.00000
.00000	.00154	.00000
.00000	.00157	.00000
.00000	.00159	.00000
.00000	.00162	.00000
.00000	.00165	.00000
.00000	.00167	.00000
.00000	.00170	.00000
.00000	.00173	.00000
.00000	.00176	.00000
.00000	.00178	.00000
.00000	.00181	.00000
.00000	.00184	.00000
.00000	.00186	.00000
.00000	.00189	.00000
.00000	.00192	.00000
.00000	.00194	.00000
.00000	.00197	.00000
.00000	.00200	.00000
.00000	.00203	.00000
.00000	.00205	.00000
.00000	.00208	.00000
.00000	.00211	.00000
.00000	.00213	.00000
.00000	.00216	.00000
.00000	.00219	.00000
.00000	.00222	.00000
.00000	.00224	.00000
.00000	.00227	.00000
.00000	.00230	.00000
.00000	.00232	.00000
.00000	.00235	.00000
.00000	.00238	.00000
.00000	.00240	.00000
.00000	.00243	.00000
.00000	.00246	.00000
.00000	.00249	.00000
.00000	.00251	.00000
.00000	.00254	.00000
.00000	.00257	.00000
.00000	.00259	.00000
.00000	.00262	.00000
.00000	.00265	.00000
.00000	.00267	.00000
.00000	.00270	.00000
.00000	.00273	.00000
.00000	.00276	.00000
.00000	.00278	.00000
.00000	.00281	.00000
.00000	.00284	.00000
.00000	.00286	.00000
.00000	.00289	.00000
.00000	.00292	.00000
.00000	.00294	.00000
.00000	.00297	.00000
.00000	.00300	.00000
.00000	.00303	.00000
.00000	.00305	.00000
.00000	.00308	.00000
.00000	.00311	.00000
.00000	.00313	.00000
.00000	.00316	.00000
.00000	.00319	.00000
.00000	.00321	.00000
.00000	.00324	.00000
.00000	.00327	.00000
.00000	.00330	.00000
.00000	.00332	.00000
.00000	.00335	.00000
.00000	.00338	.00000
.00000	.00340	.00000
.00000	.00343	.00000
.00000	.00346	.00000
.00000	.00348	.00000
.00000	.00351	.00000
.00000	.00354	.00000
.00000	.00357	.00000
.00000	.00359	.00000
.00000	.00362	.00000
.00000	.00365	.00000
.00000	.00367	.00000
.00000	.00370	.00000
.00000	.00373	.00000
.00000	.00375	.00000
.00000	.00378	.00000
.00000	.00381	.00000
.00000	.00384	.00000
.00000	.00386	.00000
.00000	.00389	.00000
.00000	.00392	.00000
.00000	.00394	.00000
.00000	.00397	.00000
.00000	.00400	.00000
.00000	.00402	.00000
.00000	.00405	.00000
.00000	.00408	.00000
.00000	.00411	.00000
.00000	.00413	.00000
.00000	.00416	.00000
.00000	.00419	.00000
.00000	.00421	.00000
.00000	.00424	.00000
.00000	.00427	.00000
.00000	.00429	.00000
.00000	.00432	.00000
.00000	.00435	.00000
.00000	.00438	.00000
.00000	.00440	.00000
.00000	.00443	.00000
.00000	.00446	.00000
.00000	.00448	.00000
.00000	.00451	.00000
.00000	.00454	.00000
.00000	.00457	.00000
.00000	.00459	.00000
.00000	.00462	.00000
.00000	.00465	.00000
.00000	.00467	.00000
.00000	.00470	.00000
.00000	.00473	.00000
.00000	.00475	.00000
.00000	.00478	.00000
.00000	.00481	.00000
.00000	.00484	.00000
.00000	.00486	.00000
.00000	.00489	.00000
.00000	.00492	.00000
.00000	.00494	.00000
.00000	.00497	.00000
.00000	.00500	.00000
.00000	.00502	.00000
.00000	.00505	.00000
.00000	.00508	.00000
.00000	.00511	.00000
.00000	.00513	.00000
.00000	.00516	.00000
.00000	.00519	.00000
.00000	.00521	.00000
.00000	.00524	.00000
.00000	.00527	.00000
.00000	.00529	.00000
.00000	.00532	.00000
.00000	.00535	.00000
.00000	.00538	.00000
.00000	.00540	.00000
.00000	.00543	.00000
.00000	.00546	.00000
.00000	.00548	.00000
.00000	.00551	.00000
.00000	.00554	.00000
.00000	.00556	.00000
.00000	.00559	.00000
.00000	.00562	.00000
.00000	.00565	.00000
.00000	.00567	.00000
.00000	.00570	.00000
.00000	.00573	.00000
.00000	.00575	.00000
.00000	.00578	.00000
.00000	.00581	.00000
.00000	.00583	.00000
.00000	.00586	.00000
.00000	.00589	.00000
.00000	.00592	.00000
.00000	.00594	.00000
.00000	.00597	.00000
.00000	.00600	.00000
.00000	.00602	.00000
.00000	.00605	.00000
.00000	.00608	.00000
.00000	.00610	.00000
.00000	.00613	.00000
.00000	.00616	.00000
.00000	.00619	.00000
.00000	.00621	.00000
.00000	.00624	.00000
.00000	.00627	.00000
.00000	.00629	.00000
.00000	.00632	.00000
.00000	.00635	.00000
.00000	.00637	.00000
.00000	.00640	.00000
.00000	.00643	.00000
.00000	.00646	.00000
.00000	.00648	.00000
.00000	.00651	.00000
.00000	.00654	.00000
.00000	.00656	.00000
.00000	.00659	.00000
.00000	.00662	.00000
.00000	.00665	.00000
.00000	.00667	.00000
.00000	.00670	.00000
.00000	.00673	.00000
.00000	.00675	.00000
.00000	.00678	.00000
.00000	.00681	.00000
.00000	.00683	.00000
.00000	.00686	.00000
.00000	.00689	.00000
.00000	.00692	.00000
.00000	.00694	.00000
.00000	.00697	.00000
.00000	.00700	.00000
.00000	.00702	.00000
.00000	.00705	.00000
.00000	.00708	.00000
.00000	.00710	.00000
.00000	.00713	.00000
.00000	.00716	.00000
.00000	.00719	.00000
.00000	.00721	.00000
.00000	.00724	.00000
.00000	.00727	.00000
.00000	.00729	.00000
.00000	.00732	.00000
.00000	.00735	.00000
.00000	.00737	.00000
.00000	.00740	.00000
.00000	.00743	.00000
.00000	.00746	.00000
.00000	.00748	.00000
.00000	.00751	.00000
.00000	.00754	.00000
.00000	.00756	.00000
.00000	.00759	.00000
.00000	.00762	.00000
.00000	.00764	.00000
.00000	.00767	.00000
.00000	.00770	.00000
.00000	.00773	.00000
.00000	.00775	.00000
.00000	.00778	.00000
.00000	.00781	.00000
.00000	.00783	.00000
.00000	.00786	.00000
.00000	.00789	.00000
.00000	.00791	.00000
.00000	.00794	.00000
.00000	.00797	.00000
.00000	.00800	.00000
.00000	.00802	.00000
.00000	.00805	.00000
.00000	.00808	.00000
.00000	.00810	.00000
.00000	.00813	.00000
.00000	.00816	.00000
.00000	.00818	.00000
.00000	.00821	.00000
.00000	.00824	.00000
.00000	.00827	.00000
.00000	.00829	.00000
.00000	.00832	.00000
.00000	.00835	.00000
.00000	.00837	.00000
.00000	.00840	.00000
.00000	.00843	.00000
.00000	.00845	.00000
.00000	.00848	.00000
.00000	.00851	.00000
.00000	.00854	.00000
.00000	.00856	.00000
.00000	.00859	.00000
.00000	.00862	.00000
.00000	.00864	.00000
.00000	.00867	.00000
.00000	.00870	.00000
.00000	.00873	.00000
.00000	.00875	.00000
.00000	.00878	.00000
.00000	.00881	.00000
.00000	.00883	.00000
.00000	.00886	.00000
.00000	.00889	.00000
.00000	.00891	.00000
.00000	.00894	.00000
.00000	.00897	.00000
.00000	.00900	.00000
.00000	.00902	.00000
.00000	.00905	.00000
.00000	.00908	.00000
.00000	.00910	.00000
.00000	.00913	.00000
.00000	.00916	.00000
.00000	.00918	.00000
.00000	.00921	.00000
.00000	.00924	.00000
.00000	.00927	.00000
.00000	.00929	.00000
.00000	.00932	.00000
.00000	.00935	.00000
.00000	.00937	.00000
.00000	.00940	.00000
.00000	.00943	.00000
.00000	.00945	.00000
.00000	.00948	.00000
.00000	.00951	.00000
.00000	.00954	.00000
.00000	.00956	.00000
.00000	.00959	.00000
.00000	.00962	.00000
.00000	.00964	.00000
.00000	.00967	.00000
.00000	.00970	.00000
.00000	.00972	.00000
.00000	.00975	.00000
.00000	.00978	.00000
.00000	.00981	.00000
.00000	.00983	.00000
.00000	.00986	.00000
.00000	.00989	.00000
.00000	.00991	.00000
.00000	.00994	.00000
.00000	.00997	.00000
.00000	.00999	.00000
.00000	.01002	.00000
.00000	.01005	.00000
.00000	.01008	.00000
.00000	.01010	.00000
.00000	.01013	.00000
.00000	.01016	.00000
.00000	.01018	.00000
.00000	.01021	.00000
.00000	.01024	.00000
.00000	.01026	.00000
.00000	.01029	.00000
.00000	.01032	.00000
.00000	.01035	.00000
.00000	.01037	.00000
.00000	.01040	.00000
.00000	.01043	.00000
.00000	.01045	.00000
.00000	.01048	.00000
.00000	.01051	.00000
.00000	.01053	.00000
.00000	.01056	.00000
.00000	.01059	.00000
.00000	.01062	.00000
.00000	.01064	.00000
.00000	.01067	.00000
.00000	.01070	.00000
.00000	.01072	.00000
.00000	.01075	.00000
.00000	.01078	.00000
.00000	.01080	.00000
.00000	.01083	.00000
.00000	.01086	.00000
.00000	.01089	.00000
.00000	.01091	.00000
.00000	.01094	.00000
.00000	.01097	.00000
.00000	.01099	.00000
.00000	.01102	.00000
.00000	.01105	.00000
.00000	.01108	.00000
.00000	.01110	.00000
.00000	.01113	.00000
.00000	.01116	.00000
.00000	.01118	.00000
.00000	.01121	.00000
.00000	.01124	.00000
.00000	.01126	.00000
.00000	.01129	.00000
.00000	.01132	.00000
.00000	.01135	.00000
.00000	.01137	.00000
.00000	.01140	.00000
.00000	.01143	.00000
.00000	.01145	.00000
.00000	.01148	.00000
.00000	.01151	.00000
.00000	.01153	.00000
.00000	.01156	.00000
.00000	.01159	.00000
.00000	.01162	.00000
.00000	.01164	.00000
.00000	.01167	.00000
.00000	.01170	.00000
.00000	.01172	.00000
.00000	.01175	.00000
.00000	.01178	.00000
.00000	.01180	.00000
.00000	.01183	.00000
.00000	.01186	.00000
.00000	.01189	.00000
.00000	.01191	.00000
.00000	.01194	.00000
.00000	.01197	.00000
.00000	.01199	.00000
.00000	.01202	.00000
.00000	.01205	.00000
.00000	.01207	.00000
.00000	.01210	.00000
.00000	.01213	.00000
.00000	.01216	.00000
.00000	.01218	.00000
.00000	.01221	.00000
.00000	.01224	.00000
.00000	.01226	.00000
.00000	.01229	.00000
.00000	.01232	.00000
.00000	.01234	.00000
.00000	.01237	.00000
.00000	.01240	.00000
.00000	.01243	.00000
.00000	.01245	.00000
.00000	.01248	.00000
.00000	.01251	.00000
.00000	.01253	.00000
.00000	.01256	.00000
.00000	.01259	.00000
.00000	.01261	.00000
.00000	.01264	.00000
.00000	.01267	.00000
.00000	.01270	.00000
.00000	.01272	.00000
.00000	.01275	.00000
.00000	.01278	.00000
.00000	.01280	.00000
.00000	.01283	.00000
.00000	.01286	.00000
.00000	.01288	.00000
.00000	.01291	.00000
.00000	.01294	.00000
.00000	.01297	.00000
.00000	.01299	.00000
.00000	.01302	.00000
.00000	.01305	.00000
.00000	.01307	.00000
.00000	.01310	.00000
.00000	.01313	.00000
.00000	.01316	.00000
.00000	.01318	.00000
.00000	.01321	.00000
.00000	.01324	.00000
.00000	.01326	.00000
.00000	.01329	.00000
.00000	.01332	.00000
.00000	.01334	.00000
.00000	.01337	.00000
.00000	.01340	.00000
.00000	.01343	.00000
.00000	.01345	.00000
.00000	.01348	.00000
.00000	.01351	.00000
.00000	.01353	.00000
.00000	.01356	.00000
.00000	.01359	.00000
.00000	.01361	.00000
.00000	.01364	.00000
.00000	.01367	.00000
.00000	.01370	.00000
.00000	.01372	.00000
.00000	.01375	.00000
.00000	.01378	.00000
.00000	.01380	.00000
.00000	.01383	.00000
.00000	.01386	.00000
.00000	.01388	.00000
.00000	.01391	.00000
.00000	.01394	.00000
.00000	.01397	.00000
.00000	.01399	.00000
.00000	.01402	.00000
.00000	.01405	.00000
.00000	.01407	.00000
.00000	.01410	.00000
.00000	.01413	.00000
.00000	.01415	.00000
.00000	.01418	.00000
.00000	.01421	.00000
.00000	.01424	.00000
.00000	.01426	.00000
.00000	.01429	.00000
.00000	.01432	.00000
.00000	.01434	.00000
.00000	.01437	.00000
.00000	.01440	.00000
.00000	.01442	.00000
.00000	.01445	.00000
.00000	.01448	.00000
.00000	.01451	.00000
.00000	.01453	.00000
.00000	.01456	.00000
.00000	.01459	.00000
.00000	.01461	.00000
.00000	.01464	.00000
.00000	.01467	.00000
.00000	.01469	.00000
.00000	.01472	.00000
.00000	.01475	.00000
.00000	.01478	.00000
.00000	.01480	.00000
.00000	.01483	.00000
.00000	.01486	.00000
.00000	.01488	.00000
.00000	.01491	.00000
.00000	.01494	.00000
.00000	.01496	.00000
.00000	.01499	.00000
.00000	.01502	.00000
.00000	.01505	.00000
.00000	.01507	.00000
.00000	.01510	.00000
.00000	.01513	.00000
.00000	.01515	.00000
.00000	.01518	.00000
.00000	.01521	.00000
.00000	.01524	.00000
.00000	.01526	.00000
.00000	.01529	.00000
.00000	.01532	.00000
.00000	.01534	.00000
.00000	.01537	.00000
.00000	.01540	.00000
.00000	.01542	.00000
.00000	.01545	.00000
.00000	.01548	.00000
.00000	.01551	.00000
.00000	.01553	.00000
.00000	.01556	.00000
.00000	.01559	.00000
.00000	.01561	.00000
.00000	.01564	.00000
.00000	.01567	.00000
.00000	.01569	.00000
.00000	.01572	.00000
.00000	.01575	.00000
.00000	.01578	.00000
.00000	.01580	.00000
.00000	.01583	.00000
.00000	.01586	.00000
.00000	.01588	.00000
.00000	.01591	.00000
.00000	.01594	.00000
.00000	.01596	.00000
.00000	.01599	.00000
.00000	.01602	.00000
.00000	.01605	.00000
.00000	.01607	.00000
.00000	.01610	.00000
.00000	.01613	.00000
.00000	.01615	.00000
.00000	.01618	.00000
.00000	.01621	.00000
.00000	.01623	.00000
.00000	.01626	.00000
.00000	.01629	.00000
.00000	.01632	.00000
.00000	.01634	.00000
.00000	.01637	.00000
.00000	.01640	.00000
.00000	.01642	.00000
.00000	.01645	.00000
.00000	.01648	.00000
.00000	.01650	.00000
.00000	.01653	.00000
.00000	.01656	.00000
.00000	.01659	.00000
.00000	.01661	.00000
.00000	.01664	.00000
.00000	.01667	.00000
.00000	.01669	.00000
.00000	.01672	.00000
.00000	.01675	.00000
.00000	.01677	.00000
.00000	.01680	.00000
.00000	.01683	.00000
.00000	.01686	.00000
.00000	.01688	.00000
.00000	.01691	.00000
.00000	.01694	.00000
.00000	.01696	.00000
.00000	.01699	.00000
.00000	.01702	.00000
.00000	.01704	.00000
.00000	.01707	.00000
.00000	.01710	.00000
.00000	.01713	.00000
.00000	.01715	.00000
.00000	.01718	.00000
.00000	.01721	.00000
.00000	.01723	.00000
.00000	.01726	.00000
.00000	.01729	.00000
.00000	.01731	.00000
.00000	.01734	.00000
.00000	.01737	.00000
.00000	.01740	.00000
.00000	.01742	.00000
.00000	.01745	.00000
.00000	.01748	.00000
.00000	.01750	.00000
.00000	.01753	.00000
.00000	.01756	.00000
.00000	.01759	.00000
.00000	.01761	.00000
.00000	.01764	.00000
.00000	.01767	.00000
.00000	.01769	.00000
.00000	.01772	.00000
.00000	.01775	.00000
.00000	.01777	.00000
.00000	.01780	.00000
.00000	.01783	.00000
.00000	.01786	.00000
.00000	.01788	.00000
.00000	.01791	.00000
.00000	.01794	.00000
.00000	.01796	.00000
.00000	.01799	.00000
.00000	.01802	.00000
.00000	.01804	.00000
.00000	.01807	.00000
.00000	.01810	.00000
.00000	.01813	.00000
.00000	.01815	.00000
.00000	.01818	.00000
.00000	.01821	.00000
.00000	.01823	.00000
.00000	.01826	.00000
.00000	.01829	.00000
.00000	.01831	.00000
.00000	.01834	.00000
.00000	.01837	.00000
.00000	.01840	.00000
.00000	.01842	.00000
.00000	.01845	.00000
.00000	.01848	.00000
.00000	.01850	.00000
.00000	.01853	.00000
.00000	.01856	.00000
.00000	.01858	.00000
.00000	.01861	.00000
.00000	.01864	.00000
.00000	.01867	.00000
.00000	.01869	.00000
.00000	.01872	.00000
.00000	.01875	.00000
.00000	.01877	.00000
.00000	.01880	.00000
.00000	.01883	.00000
.00000	.01885	.00000
.00000	.01888	.00000
.00000	.01891	.00000
.00000	.01894	.00000
.00000	.01896	.00000
.00000	.01899	.00000
.00000	.01902	.00000
.00000	.01904	.00000
.00000	.01907	.00000
.00000	.01910	.00000
.00000	.01912	.00000
.00000	.01915	.00000
.00000	.01918	.00000
.00000	.01921	.00000
.00000	.01923	.00000
.00000	.01926	.00000
.00000	.01929	.00000
.00000	.01931	.00000
.00000	.01934	.00000
.00000	.01937	.00000
.00000	.01939	.00000
.00000	.01942	.00000
.00000	.01945	.00000
.00000	.01948	.00000
.00000	.01950	.00000
.00000	.01953	.00000
.00000	.01956	.00000
.00000	.01958	.00000
.00000	.01961	.00000
.00000	.01964	.00000
.00000	.01967	.00000
.00000	.01969	.00000
.00000	.01972	.00000
.00000	.01975	.00000
.00000	.01977	.00000
.00000	.01980	.00000
.00000	.01983	.00000
.00000	.01985	.00000
.00000	.01988	.00000
.00000	.01991	.00000
.00000	.01994	.00000
.00000	.01996	.00000
.00000	.01999	.00000
.00000	.02002	.00000
.00000	.02004	.00000
.00000	.02007	.00000
.00000	.02010	.00000
.00000	.02012	.00000
.00000	.02015	.00000
.00000	.02018	.00000
.00000	.02021	.00000
.00000	.02023	.00000
.00000	.02026	.00000
.00000	.02029	.00000
.00000	.02031	.00000
.00000	.02034	.00000
.00000	.02037	.00000
.00000	.02039	.00000
.00000	.02042	.00000
.00000	.02045	.00000
.00000	.02048	.00000
.00000	.02050	.00000
.00000	.02053	.00000
.00000	.02056	.00000
.00000	.02058	.00000
.00000	.02061	.00000
.00000	.02064	.00000
.00000	.02066	.00000
.00000	.02069	.00000
.00000	.02072	.00000
.00000	.02075	.00000
.00000	.02077	.00000
.00000	.02080	.00000
.00000	.02083	.00000
.00000	.02085	.00000
.00000	.02088	.00000
.00000	.02091	.00000
.00000	.02093	.00000
.00000	.02096	.00000
.00000	.02099	.00000
.00000	.02102	.00000
.00000	.02104	.00000
.00000	.02107	.00000
.00000	.02110	.00000
.00000	.02112	.00000
.00000	.02115	.00000
.00000	.02118	.00000
.00000	.02120	.00000
.00000	.02123	.00000
.00000	.02126	.00000
.00000	.02129	.00000
.00000	.02131	.00000
.00000	.02134	.00000
.00000	.02137	.00000
.00000	.02139	.00000
.00000	.02142	.00000
.00000	.02145	.00000
.00000	.02147	.00000
.00000	.02150	.00000
.00000	.02153	.00000
.00000	.02156	.00000
.00000	.02158	.00000
.00000	.02161	.00000
.00000	.02164	.00000
.00000	.02166	.00000
.00000	.02169	.00000
.00000	.02172	.00000
.00000	.02175	.00000
.00000	.02177	.00000
.00000	.02180	.00000
.00000	.02183	.00000
.00000	.02185	.00000
.00000	.02188	.00000
.00000	.02191	.00000
.00000	.02193	.00000
.00000	.02196	.00000
.00000	.02199	.00000
.00000	.02202	.00000
.00000	.02204	.00000
.00000	.02207	.00000
.00000	.02210	.00000
.00000	.02212	.00000
.00000	.02215	.00000
.00000	.02218	.00000
.00000	.02220	.00000
.00000	.02223	.00000
.00000	.02226	.00000
.00000	.02229	.00000
.00000	.02231	.00000
.00000	.02234	.00000
.00000	.02237	.00000
.00000	.02239	.00000
.00000	.02242	.00000
.00000	.02245	.00000
.00000	.02247	.00000
.00000	.02250	.00000
.00000	.02253	.00000
.00000	.02256	.00000
.00000	.02258	.00000
.00000	.02261	.00000
.00000	.02264	.00000
.00000	.02266	.00000
.00000	.02269	.00000
.00000	.02272	.00000
.00000	.02274	.00000
.00000	.02277	.00000
.00000	.02280	.00000
.00000	.02283	.00000
.00000	.02285	.00000
.00000	.02288	.00000
.00000	.02291	.00000
.00000	.02293	.00000
.00000	.02296	.00000
.00000	.02299	.00000
.00000	.02301	.00000
.00000	.02304	.00000
.00000	.02307	.00000
.00000	.02310	.00000
.00000	.02312	.00000
.00000	.02315	.00000
.00000	.02318	.00000
.00000	.02320	.00000
.00000	.02323	.00000
.00000	.02326	.00000
.00000	.02328	.00000
.00000	.02331	.00000
.00000	.02334	.00000
.00000	.02337	.00000
.00000	.02339	.00000
.00000	.02342	.00000
.00000	.02345	.00000
.00000	.02347	.00000
.00000	.02350	.00000
.00000	.02353	.00000
.00000	.02355	.00000
.00000	.02358	.00000
.00000	.02361	.00000
.00000	.02364	.00000
.00000	.02366	.00000
.00000	.02369	.00000
.00000	.02372	.00000
.00000	.02374	.00000
.00000	.02377	.00000
.00000	.02380	.00000
.00000	.02382	.00000
.00000	.02385	.00000
.00000	.02388	.00000
.00000	.02391	.00000
.00000	.02393	.00000
.00000	.02396	.00000
.00000	.02399	.00000
.00000	.02401	.00000
.00000	.02404	.00000
.00000	.02407	.00000
.00000	.02410	.00000
.00000	.02412	.00000
.00000	.02415	.00000
.00000	.02418	.00000
.00000	.02420	.00000
.00000	.02423	.00000
.00000	.02426	.00000
.00000	.02428	.00000
.00000	.02431	.00000
.00000	.02434	.00000
.00000	.02437	.00000
.00000	.02439	.00000
.00000	.02442	.00000
.00000	.02445	.00000
.00000	.02447	.00000
.00000	.02450	.00000
.00000	.02453	.00000
.00000	.02455	.00000
.00000	.02458	.00000
.00000	.02461	.00000
.00000	.02464	.00000
.00000	.02466	.00000
.00000	.02469	.00000
.00000	.02472	.00000
.00000	.02474	.00000
.00000	.02477	.00000
.00000	.02480	.00000
.00000	.02482	.00000
.00000	.02485	.00000
.00000	.02488	.00000
.00000	.02491	.00000
.00000	.02493	.00000
.00000	.02496	.00000
.00000	.02499	.00000
.00000	.02501	.00000
.00000	.02504	.00000
.00000	.02507	.00000
.00000	.02509	.00000
.00000	.02512	.00000
.00000	.02515	.00000
.00000	.02518	.00000
.00000	.02520	.00000
.00000	.02523	.00000
.00000	.02526	.00000
.00000	.02528	.00000
.00000	.02531	.00000
.00000	.02534	.00000
.00000	.02536	.00000
.00000	.02539	.00000
.00000	.02542	.00000
.00000	.02545	.00000
.00000	.02547	.00000
.00000	.02550	.00000
.00000	.02553	.00000
.00000	.02555	.00000
.00000	.02558	.00000
.00000	.02561	.00000
.00000	.02563	.00000
.00000	.02566	.00000
.00000	.02569	.00000
.00000	.02572	.00000
.00000	.02574	.00000
.00000	.02577	.00000
.00000	.02580	.00000
.00000	.02582	.00000
.00000	.02585	.00000
.00000	.02588	.00000
.00000	.02590	.00000
.00000	.02593	.00000
.00000	.02596	.00000
.00000	.02599	.00000
.00000	.02601	.00000
.00000	.02604	.00000
.00000	.02607	.00000
.00000	.02609	.00000
.00000	.02612	.00000
.00000	.02615	.00000
.00000	.02618	.00000
.00000	.02620	.00000
.00000	.02623	.00000
.00000	.02626	.00000
.00000	.02628	.00000
.00000	.02631	.00000
.00000	.02634	.00000
.00000	.02636	.00000
.00000	.02639	.00000
.00000	.02642	.00000
.00000	.02645	.00000
.00000	.02647	.00000
.00000	.02650	.00000
.00000	.02653	.00000
.00000	.02655	.00000
.00000	.02658	.00000
.00000	.02661	.00000
.00000	.02663	.00000
.00000	.02666	.00000
.00000	.02669	.00000
.00000	.02672	.00000
.00000	.02674	.00000
.00000	.02677	.00000
.00000	.02680	.00000
.00000	.02682	.00000
.00000	.02685	.00000
.00000	.02688	.00000
.00000	.02690	.00000
.00000	.02693	.00000
.00000	.02696	.00000
.00000	.02699	.00000
.00000	.02701	.00000
.00000	.02704	.00000
.00000	.02707	.00000
.00000	.02709	.00000
.00000	.02712	.00000
.00000	.02715	.00000
.00000	.02717	.00000
.00000	.02720	.00000
.00000	.02723	.00000
.00000	.02726	.00000
.00000	.02728	.00000
.00000	.02731	.00000
.00000	.02734	.00000
.00000	.02736	.00000
.00000	.02739	.00000
.00000	.02742	.00000
.00000	.02744	.00000
.00000	.02747	.00000
.00000	.02750	.00000
.00000	.02753	.00000
.00000	.02755	.00000
.00000	.02758	.00000
.00000	.02761	.00000
.00000	.02763	.00000
.00000	.02766	.00000
.00000	.02769	.00000
.00000	.02771	.00000
.00000	.02774	.00000
.00000	.02777	.00000
.00000	.02780	.00000
.00000	.02782	.00000
.00000	.02785	.00000
.00000	.02788	.00000
.00000	.02790	.00000
.00000	.02793	.00000
.00000	.02796	.00000
.00000	.02798	.00000
.00000	.02801	.00000
.00000	.02804	.00000
.00000	.02807	.00000
.00000	.02809	.00000
.00000	.02812	.00000
.00000	.02815	.00000
.00000	.02817	.00000
.00000	.02820	.00000
.00000	.02823	.00000
.00000	.02826	.00000
.00000	.02828	.00000
.00000	.02831	.00000
.00000	.02834	.00000
.00000	.02836	.00000
.00000	.02839	.00000
.00000	.02842	.00000
.00000	.02844	.00000
.00000	.02847	.00000
.00000	.02850	.00000
.00000	.02853	.00000
.00000	.02855	.00000
.00000	.02858	.00000
.00000	.02861	.00000
.00000	.02863	.00000
.00000	.02866	.00000
.00000	.02869	.00000
.00000	.02871	.00000
.00000	.02874	.00000
.00000	.02877	.00000
.00000	.02880	.00000
.00000	.02882	.00000
.00000	.02885	.00000
.00000	.02888	.00000
.00000	.02890	.00000
.00000	.02893	.00000
.00000	.02896	.00000
.00000	.02898	.00000
.00000	.02901	.00000
.00000	.02904	.00000
.00000	.02907	.00000
.00000	.02909	.00000
.00000	.02912	.00000
.00000	.02915	.00000
.00000	.02917	.00000
.00000	.02920	.00000
.00000	.02923	.00000
.00000	.02925	.00000
.00000	.02928	.00000
.00000	.02931	.00000
.00000	.02934	.00000
.00000	.02936	.00000
.00000	.02939	.00000
.00000	.02942	.00000
.00000	.02944	.00000
.00000	.02947	.00000
.00000	.02950	.00000
.00000	.02952	.00000
.00000	.02955	.00000
.00000	.02958	.00000
.00000	.02961	.00000
.00000	.02963	.00000
.00000	.02966	.00000
.00000	.02969	.00000
.00000	.02971	.00000
.00000	.02974	.00000
.00000	.02977	.00000
.00000	.02979	.00000
.00000	.02982	.00000
.00000	.02985	.00000
.00000	.02988	.00000
.00000	.02990	.00000
.00000	.02993	.00000
.00000	.02996	.00000
.00000	.02998	.00000
.00000	.03001	.00000
.00000	.03004	.00000
.00000	.03006	.00000
.00000	.03009	.00000
.00000	.03012	.00000
.00000	.03015	.00000
.00000	.03017	.00000
.00000	.03020	.00000
.00000	.03023	.00000
.00000	.03025	.00000
.00000	.03028	.00000
.00000	.03031	.00000
.00000	.03033	.00000
.00000	.03036	.00000
.00000	.03039	.00000
.00000	.03042	.00000
.00000	.03044	.00000
.00000	.03047	.00000
.00000	.03050	.00000
.00000	.03052	.00000
.00000	.03055	.00000
.00000	.03058	.00000
.00000	.03061	.00000
.00000	.03063	.00000
.00000	.03066	.00000
.00000	.03069	.00000
.00000	.03071	.00000
.00000	.03074	.00000
.00000	.03077	.00000
.00000	.03079	.00000
.00000	.03082	.00000
.00000	.03085	.00000
.00000	.03088	.00000
.00000	.03090	.00000
.00000	.03093	.00000
.00000	.03096	.00000
.00000	.03098	.00000
.00000	.03101	.00000
.00000	.03104	.00000
.00000	.03106	.00000
.00000	.03109	.00000
.00000	.03112	.00000
.00000	.03115	.00000
.00000	.03117	.00000
.00000	.03120	.00000
.00000	.03123	.00000
.00000	.03125	.00000
.00000	.03128	.00000
.00000	.03131	.00000
.00000	.03133	.00000
.00000	.03136	.00000
.00000	.03139	.00000
.00000	.03142	.00000
.00000	.03144	.00000
.00000	.03147	.00000
.00000	.03150	.00000
.00000	.03152	.00000
.00000	.03155	.00000
.00000	.03158	.00000
.00000	.03160	.00000
.00000	.03163	.00000
.00000	.03166	.00000
.00000	.03169	.00000
.00000	.03171	.00000
.00000	.03174	.00000
.00000	.03177	.00000
.00000	.03179	.00000
.00000	.03182	.00000
.00000	.03185	.00000
.00000	.03187	.00000
.00000	.03190	.00000
.00000	.03193	.00000
.00000	.03196	.00000
.00000	.03198	.00000
.00000	.03201	.00000
.00000	.03204	.00000
.00000	.03206	.00000
.00000	.03209	.00000
.00000	.03212	.00000
.00000	.03214	.00000
.00000	.03217	.00000
.00000	.03220	.00000
.00000	.03223	.00000
.00000	.03225	.00000
.00000	.03228	.00000
.00000	.03231	.00000
.00000	.03233	.00000
.00000	.03236	.00000
.00000	.03239	.00000
.00000	.03241	.00000
.00000	.03244	.00000
.00000	.03247	.00000
.00000	.03250	.00000
.00000	.03252	.00000
.00000	.03255	.00000
.00000	.03258	.00000
.00000	.03260	.00000
.00000	.03263	.00000
.00000	.03266	.00000
.00000	.03269	.00000
.00000	.03271	.00000
.00000	.03274	.00000
.00000	.03277	.00000
.00000	.03279	.00000
.00000	.03282	.00000
.00000	.03285	.00000
.00000	.03287	.00000
.00000	.03290	.00000
.00000	.03293	.00000
.00000	.03296	.00000
.00000	.03298	.00000
.00000	.03301	.00000
.00000	.03304	.00000
.00000	.03306	.00000
.00000	.03309	.00000
.00000	.03312	.00000
.00000	.03314	.00000
.00000	.03317	.00000
.00000	.03320	.00000
.00000	.03323	.00000
.00000	.03325	.00000
.00000	.03328	.00000
.00000	.03331	.00000
.00000	.03333	.00000
.00000	.03336	.00000
.00000	.03339	.00000
.00000	.03341	.00000
.00000	.03344	.00000
.00000	.03347	.00000
.00000	.03350	.00000
.00000	.03352	.00000
.00000	.03355	.00000
.00000	.03358	.00000
.00000	.03360	.00000
.00000	.03363	.00000
.00000	.03366	.00000
.00000	.03368	.00000
.00000	.03371	.00000
.00000	.03374	.00000
.00000	.03377	.00000
.00000	.03379	.00000
.00000	.03382	.00000
.00000	.03385	.00000
.00000	.03387	.00000
.00000	.03390	.00000
.00000	.03393	.00000
.00000	.03395	.00000
.00000	.03398	.00000
.00000	.03401	.00000
.00000	.03404	.00000
.00000	.03406	.00000
.00000	.03409	.00000
.00000	.03412	.00000
.00000	.03414	.00000
.00000	.03417	.00000
.00000	.03420	.00000
.00000	.03422	.00000
.00000	.03425	.00000
.00000	.03428	.00000
.00000	.03431	.00000
.00000	.03433	.00000
.00000	.03436	.00000
.00000	.03439	.00000
.00000	.03441	.00000
.00000	.03444	.00000
.00000	.03447	.00000
.00000	.03449	.00000
.00000	.03452	.00000
.00000	.03455	.00000
.00000	.03458	.00000
.00000	.03460	.00000
.00000	.03463	.00000
.00000	.03466	.00000
.00000	.03468	.00000
.00000	.03471	.00000
.00000	.03474	.00000
.00000	.03476	.00000
.00000	.03479	.00000
.00000	.03482	.00000
.00000	.03485	.00000
.00000	.03487	.00000
.00000	.03490	.00000
.00000	.03493	.00000
.00000	.03495	.00000
.00000	.03498	.00000
.00000	.03501	.00000
.00000	.03504	.00000
.00000	.03506	.00000
.00000	.03509	.00000
.00000	.03512	.00000
.00000	.03514	.00000
.00000	.03517	.00000
.00000	.03520	.00000
.00000	.03522	.00000
.00000	.03525	.00000
.00000	.03528	.00000
.00000	.03531	.00000
.00000	.03533	.00000
.00000	.03536	.00000
.00000	.03539	.00000
.00000	.03541	.00000
.00000	.03544	.00000
.00000	.03547	.00000
.00000	.03549	.00000
.00000	.03552	.00000
.00000	.03555	.00000
.00000	.03558	.00000
.00000	.03560	.00000
.00000	.03563	.00000
.00000	.03566	.00000
.00000	.03568	.00000
.00000	.03571	.00000
.00000	.03574	.00000
.00000	.03576	.00000
.00000	.03579	.00000
.00000	.03582	.00000
.00000	.03585	.00000
.00000	.03587	.00000
.00000	.03590	.00000
.00000	.03593	.00000
.00000	.03595	.00000
.00000	.03598	.00000
.00000	.03601	.00000
.00000	.03603	.00000
.00000	.03606	.00000
.00000	.03609	.00000
.00000	.03612	.00000
.00000	.03614	.00000
.00000	.03617	.00000
.00000	.03620	.00000
.00000	.03622	.00000
.00000	.03625	.00000
.00000	.03628	.00000
.00000	.03630	.00000
.00000	.03633	.00000
.00000	.03636	.00000
.00000	.03639	.00000
.00000	.03641	.00000
.00000	.03644	.00000
.00000	.03647	.00000
.00000	.03649	.00000
.00000	.03652	.00000
.00000	.03655	.00000
.00000	.03657	.00000
.00000	.03660	.00000
.00000	.03663	.00000
.00000	.03666	.00000
.00000	.03668	.00000
.00000	.03671	.00000
.00000	.03674	.00000
.00000	.03676	.00000
.00000	.03679	.00000
.00000	.03682	.00000
.00000	.03684	.00000
.00000	.03687	.00000
.00000	.03690	.00000
.00000	.03693	.00000
.00000	.03695	.00000
.00000	.03698	.00000
.00000	.03701	.00000
.00000	.03703	.00000
.00000	.03706	.00000
.00000	.03709	.00000
.00000	.03712	.00000
.00000	.03714	.00000
.00000	.03717	.00000
.00000	.03720	.00000
.00000	.03722	.00000
.00000	.03725	.00000
.00000	.03728	.00000
.00000	.03730	.00000
.00000	.03733	.00000
.00000	.03736	.00000
.00000	.03739	.00000
.00000	.03741	.00000
.00000	.03744	.00000
.00000	.03747	.00000
.00000	.03749	.00000
.00000	.03752	.00000
.00000	.03755	.00000
.00000	.03757	.00000
.00000	.03760	.00000
.00000	.03763	.00000
.00000	.03766	.00000
.00000	.03768	.00000
.00000	.03771	.00000
.00000	.03774	.00000
.00000	.03776	.00000
.00000	.03779	.00000
.00000	.03782	.00000
.00000	.03784	.00000
.00000	.03787	.00000
.00000	.03790	.00000
.00000	.03793	.00000
.00000	.03795	.00000
.00000	.03798	.00000
.00000	.03801	.00000
.00000	.03803	.00000
.00000	.03806	.00000
.00000	.03809	.00000
.00000	.03811	.00000
.00000	.03814	.00000
.00000	.03817	.00000
.00000	.03820	.00000
.00000	.03822	.00000
.00000	.03825	.00000
.00000	.03828	.00000
.00000	.03830	.00000
.00000	.03833	.00000
.00000	.03836	.00000
.00000	.03838	.00000
.00000	.03841	.00000
.00000	.03844	.00000
.00000	.03847	.00000
.00000	.03849	.00000
.00000	.03852	.00000
.00000	.03855	.00000
.00000	.03857	.00000
.00000	.03860	.00000
.00000	.03863	.00000
.00000	.03865	.00000
.00000	.03868	.00000
.00000	.03871	.00000
.00000	.03874	.00000
.00000	.03876	.00000
.00000	.03879	.00000
.00000	.03882	.00000
.00000	.03884	.00000
.00000	.03887	.00000
.00000	.03890	.00000
.00000	.03892	.00000
.00000	.03895	.00000
.00000	.03898	.00000
.00000	.03901	.00000
.00000	.03903	.00000
.00000	.03906	.00000
.00000	.03909	.00000
.00000	.03911	.00000
.00000	.03914	.00000
.00000	.03917	.00000
.00000	.03920	.00000
.00000	.03922	.00000
.00000	.03925	.00000
.00000	.03928	.00000
.00000	.03930	.00000
.00000	.03933	.00000
.00000	.03936	.00000
.00000	.03938	.00000
.00000	.03941	.00000
.00000	.03944	.00000
.00000	.03947	.00000
.00000	.03949	.00000
.00000	.03952	.00000
.00000	.03955	.00000
.00000	.03957	.00000
.00000	.03960	.00000
.00000	.03963	.00000
.00000	.03965	.00000
.00000	.03968	.00000
.00000	.03971	.00000
.00000	.03974	.00000
.00000	.03976	.00000
.00000	.03979	.00000
.00000	.03982	.00000
.00000	.03984	.00000
.00000	.03987	.00000
.00000	.03990	.00000
.00000	.03992	.00000
.00000	.03995	.00000
.00000	.03998	.00000
.00000	.04001	.00000
.00000	.04003	.00000
.00000	.04006	.00000
.00000	.04009	.00000
.00000	.04011	.00000
.00000	.04014	.00000
.00000	.04017	.00000
.00000	.04019	.00000
.00000	.04022	.00000
.00000	.04025	.00000
.00000	.04028	.00000
.00000	.04030	.00000
.00000	.04033	.00000
.00000	.04036	.00000
.00000	.04038	.00000
.00000	.04041	.00000
.00000	.04044	.00000
.00000	.04046	.00000
.00000	.04049	.00000
.00000	.04052	.00000
.00000	.04055	.00000
.00000	.04057	.00000
.00000	.04060	.00000
.00000	.04063	.00000
.00000	.04065	.00000
.00000	.04068	.00000
.00000	.04071	.00000
.00000	.04073	.00000
.00000	.04076	.00000
.00000	.04079	.00000
.00000	.04082	.00000
.00000	.04084	.00000
.00000	.04087	.00000
.00000	.04090	.00000
.00000	.04092	.00000
.00000	.04095	.00000
.00000	.04098	.00000
.00000	.04100	.00000
.00000	.04103	.00000
.00000	.04106	.00000
.00000	.04109	.00000
.00000	.04111	.00000
.00000	.04114	.00000
.00000	.04117	.00000
.00000	.04119	.00000
.00000	.04122	.00000
.00000	.04125	.00000
.00000	.04127	.00000
.00000	.04130	.00000
.00000	.04133	.00000
.00000	.04136	.00000
.00000	.04138	.00000
.00000	.04141	.00000
.00000	.04144	.00000
.00000	.04146	.00000
.00000	.04149	.00000
.00000	.04152	.00000
.00000	.04155	.00000
.00000	.04157	.00000
.00000	.04160	.00000
.00000	.04163	.00000
.00000	.04165	.00000
.00000	.04168	.00000
.00000	.04171	.00000
.00000	.04173	.00000
.00000	.04176	.00000
.00000	.04179	.00000
.00000	.04182	.00000
.00000	.04184	.00000
.00000	.04187	.00000
.00000	.04190	.00000
.00000	.04192	.00000
.00000	.04195	.00000
.00000	.04198	.00000
.00000	.04200	.00000
.00000	.04203	.00000
.00000	.04206	.00000
.00000	.04209	.00000
.00000	.04211	.00000
.00000	.04214	.00000
.00000	.04217	.00000
.00000	.04219	.00000
.00000	.04222	.00000
.00000	.04225	.00000
.00000	.04227	.00000
.00000	.04230	.00000
.00000	.04233	.00000
.00000	.04236	.00000
.00000	.04238	.00000
.00000	.04241	.00000
.00000	.04244	.00000
.00000	.04246	.00000
.00000	.04249	.00000
.00000	.04252	.00000
.00000	.04254	.00000
.00000	.04257	.00000
.00000	.04260	.00000
.00000	.04263	.00000
.00000	.04265	.00000
.00000	.04268	.00000
.00000	.04271	.00000
.00000	.04273	.00000
.00000	.04276	.00000
.00000	.04279	.00000
.00000	.04281	.00000
.00000	.04284	.00000
.00000	.04287	.00000
.00000	.04290	.00000
.00000	.04292	.00000
.00000	.04295	.00000
.00000	.04298	.00000
.00000	.04300	.00000
.00000	.04303	.00000
.00000	.04306	.00000
.00000	.04308	.00000
.00000	.04311	.00000
.00000	.04314	.00000
.00000	.04317	.00000
.00000	.04319	.00000
.00000	.04322	.00000
.00000	.04325	.00000
.00000	.04327	.00000
.00000	.04330	.00000
.00000	.04333	.00000
.00000	.04335	.00000
.00000	.04338	.00000
.00000	.04341	.00000
.00000	.04344	.00000
.00000	.04346	.00000
.00000	.04349	.00000
.00000	.04352	.00000
.00000	.04354	.00000
.00000	.04357	.00000
.00000	.04360	.00000
.00000	.04363	.00000
.00000	.04365	.00000
.00000	.04368	.00000
.00000	.04371	.00000
.00000	.04373	.00000
.00000	.04376	.00000
.00000	.04379	.00000
.00000	.04381	.00000
.00000	.04384	.00000
.00000	.04387	.00000
.00000	.04390	.00000
.00000	.04392	.00000
.00000	.04395	.00000
.00000	.04398	.00000
.00000	.04400	.00000
.00000	.04403	.00000
.00000	.04406	.00000
.00000	.04408	.00000
.00000	.04411	.00000
.00000	.04414	.00000
.00000	.04417	.00000
.00000	.04419	.00000
.00000	.04422	.00000
.00000	.04425	.00000
.00000	.04427	.00000
.00000	.04430	.00000
.00000	.04433	.00000
.00000	.04435	.00000
.00000	.04438	.00000
.00000	.04441	.00000
.00000	.04444	.00000
.00000	.04446	.00000
.00000	.04449	.00000
.00000	.04452	.00000
.00000	.04454	.00000
.00000	.04457	.00000
.00000	.04460	.00000
.00000	.04462	.00000
.00000	.04465	.00000
.00000	.04468	.00000
.00000	.04471	.00000
.00000	.04473	.00000
.00000	.04476	.00000
.00000	.04479	.00000
.00000	.04481	.00000
.00000	.04484	.00000
.00000	.04487	.00000
.00000	.04489	.00000
.00000	.04492	.00000
.00000	.04495	.00000
.00000	.04498	.00000
.00000	.04500	.00000
.00000	.04503	.00000
.00000	.04506	.00000
.00000	.04508	.00000
.00000	.04511	.00000
.00000	.04514	.00000
.00000	.04516	.00000
.00000	.04519	.00000
.00000	.04522	.00000
.00000	.04525	.00000
.00000	.04527	.00000
.00000	.04530	.00000
.00000	.04533	.00000
.00000	.04535	.00000
.00000	.04538	.00000
.00000	.04541	.00000
.00000	.04543	.00000
.00000	.04546	.00000
.00000	.04549	.00000
.00000	.04552	.00000
.00000	.04554	.00000
.00000	.04557	.00000
.00000	.04560	.00000
.00000	.04562	.00000
.00000	.04565	.00000
.00000	.04568	.00000
.00000	.04571	.00000
.00000	.04573	.00000
.00000	.04576	.00000
.00000	.04579	.00000
.00000	.04581	.00000
.00000	.04584	.00000
.00000	.04587	.00000
.00000	.04589	.00000
.00000	.04592	.00000
.00000	.04595	.00000
.00000	.04598	.00000
.00000	.04600	.00000
.00000	.04603	.00000
.00000	.04606	.00000
.00000	.04608	.00000
.00000	.04611	.00000
.00000	.04614	.00000
.00000	.04616	.00000
.00000	.04619	.00000
.00000	.04622	.00000
.00000	.04625	.00000
.00000	.04627	.00000
.00000	.04630	.00000
.00000	.04633	.00000
.00000	.04635	.00000
.00000	.04638	.00000
.00000	.04641	.00000
.00000	.04643	.00000
.00000	.04646	.00000
.00000	.04649	.00000
.00000	.04652	.00000
.00000	.04654	.00000
.00000	.04657	.00000
.00000	.04660	.00000
.00000	.04662	.00000
.00000	.04665	.00000
.00000	.04668	.00000
.00000	.04670	.00000
.00000	.04673	.00000
.00000	.04676	.00000
.00000	.04679	.00000
.00000	.04681	.00000
.00000	.04684	.00000
.00000	.04687	.00000
.00000	.04689	.00000
.00000	.04692	.00000
.00000	.04695	.00000
.00000	.04697	.00000
.00000	.04700	.00000
.00000	.04703	.00000
.00000	.04706	.00000
.00000	.04708	.00000
.00000	.04711	.00000
.00000	.04714	.00000
.00000	.04716	.00000
.00000	.04719	.00000
.00000	.04722	.00000
.00000	.04724	.00000
.00000	.04727	.00000
.00000	.04730	.00000
.00000	.04733	.00000
.00000	.04735	.00000
.00000	.04738	.00000
.00000	.04741	.00000
.00000	.04743	.00000
.00000	.04746	.00000
.00000	.04749	.00000
.00000	.04751	.00000
.00000	.04754	.00000
.00000	.04757	.00000
.00000	.04760	.00000
.00000	.04762	.00000
.00000	.04765	.00000
.00000	.04768	.00000
.00000	.04770	.00000
.00000	.04773	.00000
.00000	.04776	.00000
.00000	.04778	.00000
.00000	.04781	.00000
.00000	.04784	.00000
.00000	.04787	.00000
.00000	.04789	.00000
.00000	.04792	.00000
.00000	.04795	.00000
.00000	.04797	.00000
.00000	.04800	.00000
.00000	.04803	.00000
.00000	.04806	.00000
.00000	.04808	.00000
.00000	.04811	.00000
.00000	.04814	.00000
.00000	.04816	.00000
.00000	.04819	.00000
.00000	.04822	.00000
.00000	.04824	.00000
.00000	.04827	.00000
.00000	.04830	.00000
.00000	.04833	.00000
.00000	.04835	.00000
.00000	.04838	.00000
.00000	.04841	.00000
.00000	.04843	.00000
.00000	.04846	.00000
.00000	.04849	.00000
.00000	.04851	.00000
.00000	.04854	.00000
.00000	.04857	.00000
.00000	.04860	.00000
.00000	.04862	.00000
.00000	.04865	.00000
.00000	.04868	.00000
.00000	.04870	.00000
.00000	.04873	.00000
.00000	.04876	.00000
.00000	.04878	.00000
.00000	.04881	.00000
.00000	.04884	.00000
.00000	.04887	.00000
.00000	.04889	.00000
.00000	.04892	.00000
.00000	.04895	.00000
.00000	.04897	.00000
.00000	.04900	.00000
.00000	.04903	.00000
.00000	.04905	.00000
.00000	.04908	.00000
.00000	.04911	.00000
.00000	.04914	.00000
.00000	.04916	.00000
.00000	.04919	.00000
.00000	.04922	.00000
.00000	.04924	.00000
.00000	.04927	.00000
.00000	.04930	.00000
.00000	.04932	.00000
.00000	.04935	.00000
.00000	.04938	.00000
.00000	.04941	.00000
.00000	.04943	.00000
.00000	.04946	.00000
.00000	.04949	.00000
.00000	.04951	.00000
.00000	.04954	.00000
.00000	.04957	.00000
.00000	.04959	.00000
.00000	.04962	.00000
.00000	.04965	.00000
.00000	.04968	.00000
.00000	.04970	.00000
.00000	.04973	.00000
.00000	.04976	.00000
.00000	.04978	.00000
.00000	.04981	.00000
.00000	.04984	.00000
.00000	.04986	.00000
.00000	.04989	.00000
.00000	.04992	.00000
.00000	.04995	.00000
.00000	.04997	.00000
.00000	.05000	.00000
.00000	.05003	.00000
.00000	.05005	.00000
.00000	.05008	.00000
.00000	.05011	.00000
.00000	.05014	.00000
.00000	.05016	.00000
.00000	.05019	.00000
.00000	.05022	.00000
.00000	.05024	.00000
.00000	.05027	.00000
.00000	.05030	.00000
.00000	.05032	.00000
.00000	.05035	.00000
.00000	.05038	.00000
.00000	.05041	.00000
.00000	.05043	.00000
.00000	.05046	.00000
.00000	.05049	.00000
.00000	.05051	.00000
.00000	.05054	.00000
.00000	.05057	.00000
.00000	.05059	.00000
.00000	.05062	.00000
.00000	.05065	.00000
.00000	.05068	.00000
.00000	.05070	.00000
.00000	.05073	.00000
.00000	.05076	.00000
.00000	.05078	.00000
.00000	.05081	.00000
.00000	.05084	.00000
.00000	.05086	.00000
.00000	.05089	.00000
.00000	.05092	.00000
.00000	.05095	.00000
.00000	.05097	.00000
.00000	.05100	.00000
.00000	.05103	.00000
.00000	.05105	.00000
.00000	.05108	.00000
.00000	.05111	.00000
.00000	.05113	.00000
.00000	.05116	.00000
.00000	.05119	.00000
.00000	.05122	.00000
.00000	.05124	.00000
.00000	.05127	.00000
.00000	.05130	.00000
.00000	.05132	.00000
.00000	.05135	.00000
.00000	.05138	.00000
.00000	.05140	.00000
.00000	.05143	.00000
.00000	.05146	.00000
.00000	.05149	.00000
.00000	.05151	.00000
.00000	.05154	.00000
.00000	.05157	.00000
.00000	.05159	.00000
.00000	.05162	.00000
.00000	.05165	.00000
.00000	.05167	.00000
.00000	.05170	.00000
.00000	.05173	.00000
.00000	.05176	.00000
.00000	.05178	.00000
.00000	.05181	.00000
.00000	.05184	.00000
.00000	.05186	.00000
.00000	.05189	.00000
.00000	.05192	.00000
.00000	.05194	.00000
.00000	.05197	.00000
.00000	.05200	.00000
.00000	.05203	.00000
.00000	.05205	.00000
.00000	.05208	.00000
.00000	.05211	.00000
.00000	.05213	.00000
.00000	.05216	.00000
.00000	.05219	.00000
.00000	.05222	.00000
.00000	.05224	.00000
.00000	.05227	.00000
.00000	.05230	.00000
.00000	.05232	.00000
.00000	.05235	.00000
.00000	.05238	.00000
.00000	.05240	.00000
.00000	.05243	.00000
.00000	.05246	.00000
.00000	.05249	.00000
.00000	.05251	.00000
.00000	.05254	.00000
.00000	.05257	.00000
.00000	.05259	.00000
.00000	.05262	.00000
.00000	.05265	.00000
.00000	.05267	.00000
.00000	.05270	.00000
.00000	.05273	.00000
.00000	.05276	.00000
.00000	.05278	.00000
.00000	.05281	.00000
.00000	.05284	.00000
.00000	.05286	.00000
.00000	.05289	.00000
.00000	.05292	.00000
.00000	.05294	.00000
.00000	.05297	.00000
.00000	.05300	.00000
.00000	.05303	.00000
.00000	.05305	.00000
.00000	.05308	.00000
.00000	.05311	.00000
.00000	.05313	.00000
.00000	.05316	.00000
.00000	.05319	.00000
.00000	.05321	.00000
.00000	.05324	.00000
.00000	.05327	.00000
.00000	.05330	.00000
.00000	.05332	.00000
.00000	.05335	.00000
.00000	.05338	.00000
.00000	.05340	.00000
.00000	.05343	.00000
.00000	.05346	.00000
.00000	.05348	.00000
.00000	.05351	.00000
.00000	.05354	.00000
.00000	.05357	.00000
.00000	.05359	.00000
.00000	.05362	.00000
.00000	.05365	.00000
.00000	.05367	.00000
.00000	.05370	.00000
.00000	.05373	.00000
.00000	.05375	.00000
.00000	.05378	.00000
.00000	.05381	.00000
.00000	.05384	.00000
.00000	.05386	.00000
.00000	.05389	.00000
.00000	.05392	.00000
.00000	.05394	.00000
.00000	.05397	.00000
.00000	.05400	.00000
.00000	.05402	.00000
.00000	.05405	.00000
.00000	.05408	.00000
.00000	.05411	.00000
.00000	.05413	.00000
.00000	.05416	.00000
.00000	.05419	.00000
.00000	.05421	.00000
.00000	.05424	.00000
.00000	.05427	.00000
.00000	.05429	.00000
.00000	.05432	.00000
.00000	.05435	.00000
.00000	.05438	.00000
.00000	.05440	.00000
.00000	.05443	.00000
.00000	.05446	.00000
.00000	.05448	.00000
.00000	.05451	.00000
.00000	.05454	.00000
.00000	.05457	.00000
.00000	.05459	.00000
.00000	.05462	.00000
.00000	.05465	.00000
.00000	.05467	.00000
.00000	.05470	.00000
.00000	.05473	.00000
.00000	.05475	.00000
.00000	.05478	.00000
.00000	.05481	.00000
.00000	.05484	.00000
.00000	.05486	.00000
.00000	.05489	.00000
.00000	.05492	.00000
.00000	.05494	.00000
.00000	.05497	.00000
.00000	.05500	.00000
.00000	.05502	.00000
.00000	.05505	.00000
.00000	.05508	.00000
.00000	.05511	.00000
.00000	.05513	.00000
.00000	.05516	.00000
.00000	.05519	.00000
.00000	.05521	.00000
.00000	.05524	.00000
.00000	.05527	.00000
.00000	.05529	.00000
.00000	.05532	.00000
.00000	.05535	.00000
.00000	.05538	.00000
.00000	.05540	.00000
.00000	.05543	.00000
.00000	.05546	.00000
.00000	.05548	.00000
.00000	.05551	.00000
.00000	.05554	.00000
.00000	.05556	.00000
.00000	.05559	.00000
.00000	.05562	.00000
.00000	.05565	.00000
.00000	.05567	.00000
.00000	.05570	.00000
.00000	.05573	.00000
.00000	.05575	.00000
.00000	.05578	.00000
.00000	.05581	.00000
.00000	.05583	.00000
.00000	.05586	.00000
.00000	.05589	.00000
.00000	.05592	.00000
.00000	.05594	.00000
.00000	.05597	.00000
.00000	.05600	.00000
.00000	.05602	.00000
.00000	.05605	.00000
.00000	.05608	.00000
.00000	.05610	.00000
.00000	.05613	.00000
.00000	.05616	.00000
.00000	.05619	.00000
.00000	.05621	.00000
.00000	.05624	.00000
.00000	.05627	.00000
.00000	.05629	.00000
.00000	.05632	.00000
.00000	.05635	.00000
.00000	.05637	.00000
.00000	.05640	.00000
.00000	.05643	.00000
.00000	.05646	.00000
.00000	.05648	.00000
.00000	.05651	.00000
.00000	.05654	.00000
.00000	.05656	.00000
.00000	.05659	.00000
.00000	.05662	.00000
.00000	.05665	.00000
.00000	.05667	.00000
.00000	.05670	.00000
.00000	.05673	.00000
.00000	.05675	.00000
.00000	.05678	.00000
.00000	.05681	.00000
.00000	.05683	.00000
.00000	.05686	.00000
.00000	.05689	.00000
.00000	.05692	.00000
.00000	.05694	.00000
.00000	.05697	.00000
.00000	.05700	.00000
.00000	.05702	.00000
.00000	.05705	.00000
.00000	.05708	.00000
.00000	.05710	.00000
.00000	.05713	.00000
.00000	.05716	.00000
.00000	.05719	.00000
.00000	.05721	.00000
.00000	.05724	.00000
.00000	.05727	.00000
.00000	.05729	.00000
.00000	.05732	.00000
.00000	.05735	.00000
.00000	.05737	.00000
.00000	.05740	.00000
.00000	.05743	.00000
.00000	.05746	.00000
.00000	.05748	.00000
.00000	.05751	.00000
.00000	.05754	.00000
.00000	.05756	.00000
.00000	.05759	.00000
.00000	.05762	.00000
.00000	.05764	.00000
.00000	.05767	.00000
.00000	.05770	.00000
.00000	.05773	.00000
.00000	.05775	.00000
.00000	.05778	.00000
.00000	.05781	.00000
.00000	.05783	.00000
.00000	.05786	.00000
.00000	.05789	.00000
.00000	.05791	.00000
.00000	.05794	.00000
.00000	.05797	.00000
.00000	.05800	.00000
.00000	.05802	.00000
.00000	.05805	.00000
.00000	.05808	.00000
.00000	.05810	.00000
.00000	.05813	.00000
.00000	.05816	.00000
.00000	.05818	.00000
.00000	.05821	.00000
.00000	.05824	.00000
.00000	.05827	.00000
.00000	.05829	.00000
.00000	.05832	.00000
.00000	.05835	.00000
.00000	.05837	.00000
.00000	.05840	.00000
.00000	.05843	.00000
.00000	.05845	.00000
.00000	.05848	.00000
.00000	.05851	.00000
.00000	.05854	.00000
.00000	.05856	.00000
.00000	.05859	.00000
.00000	.05862	.00000
.00000	.05864	.00000
.00000	.05867	.00000
.00000	.05870	.00000
.00000	.05873	.00000
.00000	.05875	.00000
.00000	.05878	.00000
.00000	.05881	.00000
.00000	.05883	.00000
.00000	.05886	.00000
.00000	.05889	.00000
.00000	.05891	.00000
.00000	.05894	.00000
.00000	.05897	.00000
.00000	.05900	.00000
.00000	.05902	.00000
.00000	.05905	.00000
.00000	.05908	.00000
.00000	.05910	.00000
.00000	.05913	.00000
.00000	.05916	.00000
.00000	.05918	.00000
.00000	.05921	.00000
.00000	.05924	.00000
.00000	.05927	.00000
.00000	.05929	.00000
.00000	.05932	.00000
.00000	.05935	.00000
.00000	.05937	.00000
.00000	.05940	.00000
.00000	.05943	.00000
.00000	.05945	.00000
.00000	.05948	.00000
.00000	.05951	.00000
.00000	.05954	.00000
.00000	.05956	.00000
.00000	.05959	.00000
.00000	.05962	.00000
.00000	.05964	.00000
.00000	.05967	.00000
.00000	.05970	.00000
.00000	.05972	.00000
.00000	.05975	.00000
.00000	.05978	.00000
.00000	.05981	.00000
.00000	.05983	.00000
.00000	.05986	.00000
.00000	.05989	.00000
.00000	.05991	.00000
.00000	.05994	.00000
.00000	.05997	.00000
.00000	.05999	.00000
.00000	.06002	.00000
.00000	.06005	.00000
.00000	.06008	.00000
.00000	.06010	.00000
.00000	.06013	.00000
.00000	.06016	.00000
.00000	.06018	.00000
.00000	.06021	.00000
.00000	.06024	.00000
.00000	.06026	.00000
.00000	.06029	.00000
.00000	.06032	.00000
.00000	.06035	.00000
.00000	.06037	.00000
.00000	.06040	.00000
.00000	.06043	.00000
.00000	.06045	.00000
.00000	.06048	.00000
.00000	.06051	.00000
.00000	.06053	.00000
.00000	.06056	.00000
.00000	.06059	.00000
.00000	.06062	.00000
.00000	.06064	.00000
.00000	.06067	.00000
.00000	.06070	.00000
.00000	.06072	.00000
.00000	.06075	.00000
.00000	.06078	.00000
.00000	.06080	.00000
.00000	.06083	.00000
.00000	.06086	.00000
.00000	.06089	.00000
.00000	.06091	.00000
.00000	.06094	.00000
.00000	.06097	.00000
.00000	.06099	.00000
.00000	.06102	.00000
.00000	.06105	.00000
.00000	.06108	.00000
.00000	.06110	.00000
.00000	.06113	.00000
.00000	.06116	.00000
.00000	.06118	.00000
.00000	.06121	.00000
.00000	.06124	.00000
.00000	.06126	.00000
.00000	.06129	.00000
.00000	.06132	.00000
.00000	.06135	.00000
.00000	.06137	.00000
.00000	.06140	.00000
.00000	.06143	.00000
.00000	.06145	.00000
.00000	.06148	.00000
.00000	.06151	.00000
.00000	.06153	.00000
.00000	.06156	.00000
.00000	.06159	.00000
.00000	.06162	.00000
.00000	.06164	.00000
.00000	.06167	.00000
.00000	.06170	.00000
.00000	.06172	.00000
.00000	.06175	.00000
.00000	.06178	.00000
.00000	.06180	.00000
.00000	.06183	.00000
.00000	.06186	.00000
.00000	.06189	.00000
.00000	.06191	.00000
.00000	.06194	.00000
.00000	.06197	.00000
.00000	.06199	.00000
.00000	.06202	.00000
.00000	.06205	.00000
.00000	.06207	.00000
.00000	.06210	.00000
.00000	.06213	.00000
.00000	.06216	.00000
.00000	.06218	.00000
.00000	.06221	.00000
.00000	.06224	.00000
.00000	.06226	.00000
.00000	.06229	.00000
.00000	.06232	.00000
.00000	.06234	.00000
.00000	.06237	.00000
.00000	.06240	.00000
.00000	.06243	.00000
.00000	.06245	.00000
.00000	.06248	.00000
.00000	.06251	.00000
.00000	.06253	.00000
.00000	.06256	.00000
.00000	.06259	.00000
.00000	.06261	.00000
.00000	.06264	.00000
.00000	.06267	.00000
.00000	.06270	.00000
.00000	.06272	.00000
.00000	.06275	.00000
.00000	.06278	.00000
.00000	.06280	.00000
.00000	.06283	.00000
.00000	.06286	.00000
.00000	.06288	.00000
.00000	.06291	.00000
.00000	.06294	.00000
.00000	.06297	.00000
.00000	.06299	.00000
.00000	.06302	.00000
.00000	.06305	.00000
.00000	.06307	.00000
.00000	.06310	.00000
.00000	.06313	.00000
.00000	.06316	.00000
.00000	.06318	.00000
.00000	.06321	.00000
.00000	.06324	.00000
.00000	.06326	.00000
.00000	.06329	.00000
.00000	.06332	.00000
.00000	.06334	.00000
.00000	.06337	.00000
.00000	.06340	.00000
.00000	.06343	.00000
.00000	.06345	.00000
.00000	.06348	.00000
.00000	.06351	.00000
.00000	.06353	.00000
.00000	.06356	.00000
.00000	.06359	.00000
.00000	.06361	.00000
.00000	.06364	.00000
.00000	.06367	.00000
.00000	.06370	.00000
.00000	.06372	.00000
.00000	.06375	.00000
.00000	.06378	.00000
.00000	.06380	.00000
.00000	.06383	.00000
.00000	.06386	.00000
.00000	.06388	.00000
.00000	.06391	.00000
.00000	.06394	.00000
.00000	.06397	.00000
.00000	.06399	.00000
.00000	.06402	.00000
.00000	.06405	.00000
.00000	.06407	.00000
.00000	.06410	.00000
.00000	.06413	.00000
.00000	.06415	.00000
.00000	.06418	.00000
.00000	.06421	.00000
.00000	.06424	.00000
.00000	.06426	.00000
.00000	.06429	.00000
.00000	.06432	.00000
.00000	.06434	.00000
.00000	.06437	.00000
.00000	.06440	.00000
.00000	.06442	.00000
.00000	.06445	.00000
.00000	.06448	.00000
.00000	.06451	.00000
.00000	.06453	.00000
.00000	.06456	.00000
.00000	.06459	.00000
.00000	.06461	.00000
.00000	.06464	.00000
.00000	.06467	.00000
.00000	.06469	.00000
.00000	.06472	.00000
.00000	.06475	.00000
.00000	.06478	.00000
.00000	.06480	.00000
.00000	.06483	.00000
.00000	.06486	.00000
.00000	.06488	.00000
.00000	.06491	.00000
.00000	.06494	.00000
.00000	.06496	.00000
.00000	.06499	.00000
.00000	.06502	.00000
.00000	.06505	.00000
.00000	.06507	.00000
.00000	.06510	.00000
.00000	.06513	.00000
.00000	.06515	.00000
.00000	.06518	.00000
.00000	.06521	.00000
.00000	.06524	.00000
.00000	.06526	.00000
.00000	.06529	.00000
.00000	.06532	.00000
.00000	.06534	.00000
.00000	.06537	.00000
.00000	.06540	.00000
.00000	.06542	.00000
.00000	.06545	.00000
.00000	.06548	.00000
.00000	.06551	.00000
.00000	.06553	.00000
.00000	.06556	.00000
.00000	.06559	.00000
.00000	.06561	.00000
.00000	.06564	.00000
.00000	.06567	.00000
.00000	.06569	.00000
.00000	.06572	.00000
.00000	.06575	.00000
.00000	.06578	.00000
.00000	.06580	.00000
.00000	.06583	.00000
.00000	.06586	.00000
.00000	.06588	.00000
.00000	.06591	.00000
.00000	.06594	.00000
.00000	.06596	.00000
.00000	.06599	.00000
.00000	.06602	.00000
.00000	.06605	.00000
.00000	.06607	.00000
.00000	.06610	.00000
.00000	.06613	.00000
.00000	.06615	.00000
.00000	.06618	.00000
.00000	.06621	.00000
.00000	.06623	.00000
.00000	.06626	.00000
.00000	.06629	.00000
.00000	.06632	.00000
.00000	.06634	.00000
.00000	.06637	.00000
.00000	.06640	.00000
.00000	.06642	.00000
.00000	.06645	.00000
.00000	.06648	.00000
.00000	.06650	.00000
.00000	.06653	.00000
.00000	.06656	.00000
.00000	.06659	.00000
.00000	.06661	.00000
.00000	.06664	.00000
.00000	.06667	.00000
.00000	.06669	.00000
.00000	.06672	.00000
.00000	.06675	.00000
.00000	.06677	.00000
.00000	.06680	.00000
.00000	.06683	.00000
.00000	.06686	.00000
.00000	.06688	.00000
.00000	.06691	.00000
.00000	.06694	.00000
.00000	.06696	.00000
.00000	.06699	.00000
.00000	.06702	.00000
.00000	.06704	.00000
.00000	.06707	.00000
.00000	.06710	.00000
.00000	.06713	.00000
.00000	.06715	.00000
.00000	.06718	.00000
.00000	.06721	.00000
.00000	.06723	.00000
.00000	.06726	.00000
.00000	.06729	.00000
.00000	.06731	.00000
.00000	.06734	.00000
.00000	.06737	.00000
.00000	.06740	.00000
.00000	.06742	.00000
.00000	.06745	.00000
.00000	.06748	.00000
.00000	.06750	.00000
.00000	.06753	.00000
.00000	.06756	.00000
.00000	.06759	.00000
.00000	.06761	.00000
.00000	.06764	.00000
.00000	.06767	.00000
.00000	.06769	.00000
.00000	.06772	.00000
.00000	.06775	.00000
.00000	.06777	.00000
.00000	.06780	.00000
.00000	.06783	.00000
.00000	.06786	.00000
.00000	.06788	.00000
.00000	.06791	.00000
.00000	.06794	.00000
.00000	.06796	.00000
.00000	.06799	.00000
.00000	.06802	.00000
.00000	.06804	.00000
.00000	.06807	.00000
.00000	.06810	.00000
.00000	.06813	.00000
.00000	.06815	.00000
.00000	.06818	.00000
.00000	.06821	.00000
.00000	.06823	.00000
.00000	.06826	.00000
.00000	.06829	.00000
.00000	.06831	.00000
.00000	.06834	.00000
.00000	.06837	.00000
.00000	.06840	.00000
.00000	.06842	.00000
.00000	.06845	.00000
.00000	.06848	.00000
.00000	.06850	.00000
.00000	.06853	.00000
.00000	.06856	.00000
.00000	.06858	.00000
.00000	.06861	.00000
.00000	.06864	.00000
.00000	.06867	.00000
.00000	.06869	.00000
.00000	.06872	.00000
.00000	.06875	.00000
.00000	.06877	.00000
.00000	.06880	.00000
.00000	.06883	.00000
.00000	.06885	.00000
.00000	.06888	.00000
.00000	.06891	.00000
.00000	.06894	.00000
.00000	.06896	.00000
.00000	.06899	.00000
.00000	.06902	.00000
.00000	.06904	.00000
.00000	.06907	.00000
.00000	.06910	.00000
.00000	.06912	.00000
.00000	.06915	.00000
.00000	.06918	.00000
.00000	.06921	.00000
.00000	.06923	.00000
.00000	.06926	.00000
.00000	.06929	.00000
.00000	.06931	.00000
.00000	.06934	.00000
.00000	.06937	.00000
.00000	.06939	.00000
.00000	.06942	.00000
.00000	.06945	.00000
.00000	.06948	.00000
.00000	.06950	.00000
.00000	.06953	.00000
.00000	.06956	.00000
.00000	.06958	.00000
.00000	.06961	.00000
.00000	.06964	.00000
.00000	.06967	.00000
.00000	.06969	.00000
.00000	.06972	.00000
.00000	.06975	.00000
.00000	.06977	.00000
.00000	.06980	.00000
.00000	.06983	.00000
.00000	.06985	.00000
.00000	.06988	.00000
.00000	.06991	.00000
.00000	.06994	.00000
.00000	.06996	.00000
.00000	.06999	.00000
.00000	.07002	.00000
